time,lat,lon,elevation,accuracy,bearing,speed,satellites,provider,hdop,vdop,pdop,geoidheight,ageofdgpsdata,dgpsid
2016-10-17T19:48:08Z,30.105051,31.322710,58.70711528661601,8.0,49.10746,14.137377,6,gps,4.5,2.3,5.0,16.6,,
2016-10-17T19:48:19Z,30.105746,31.323774,63.46747127457426,16.0,45.73675,13.12471,12,gps,1.6,3.6,4.1,16.6,,
2016-10-17T19:48:30Z,30.106883,31.324916,61.96563525677366,6.0,46.50146,12.577414,14,gps,1.4,3.4,3.7,16.6,,
2016-10-17T19:48:41Z,30.107706,31.325915,62.501096905227115,6.0,45.749844,11.029289,13,gps,0.6,2.9,3.1,16.6,,
2016-10-17T19:48:52Z,30.108424,31.326835,58.18355884304064,8.0,42.941097,11.145757,14,gps,0.8,2.4,2.7,16.6,,
2016-10-17T19:49:03Z,30.109228,31.327886,57.93015796673137,16.0,51.18478,11.740217,13,gps,1.6,3.5,4.2,16.6,,
2016-10-17T19:49:14Z,30.109905,31.328795,60.41617859870148,8.0,46.810883,9.465902,11,gps,1.2,2.5,2.8,16.6,,
2016-10-17T19:49:25Z,30.110723,31.329665,61.121411972835766,6.0,48.499382,11.756716,14,gps,1.1,2.5,2.7,16.6,,
2016-10-17T19:49:35Z,30.111342,31.330493,55.16046012077739,6.0,49.141235,7.7756476,13,gps,1.2,2.3,2.6,16.6,,
2016-10-17T19:49:46Z,30.111536,31.331176,58.70750023351806,12.0,79.47191,5.4370666,15,gps,1.0,1.5,1.8,16.6,,
2016-10-17T19:49:57Z,30.111640,31.331867,49.45467912908071,8.0,90.86097,7.1260376,15,gps,2.0,2.2,2.9,16.6,,
2016-10-17T19:50:08Z,30.111777,31.332967,52.60932283746368,8.0,81.782845,10.229012,12,gps,0.8,2.1,2.5,16.6,,
2016-10-17T19:50:19Z,30.111946,31.334184,53.07969377176066,8.0,81.10426,10.822936,13,gps,0.8,1.7,2.0,16.6,,
2016-10-17T19:50:30Z,30.112107,31.335294,53.39280275939504,6.0,82.81464,8.002749,11,gps,1.3,2.0,2.4,16.6,,
2016-10-17T19:50:41Z,30.112252,31.336331,53.10747168202035,8.0,82.11184,10.632246,13,gps,0.8,2.2,2.5,16.6,,
2016-10-17T19:50:51Z,30.112369,31.337331,56.91797501218043,16.0,82.07246,5.8671556,10,gps,1.3,2.1,2.5,16.6,,
2016-10-17T19:51:01Z,30.112425,31.337960,56.95378421787483,12.0,85.33924,5.9240336,11,gps,0.9,1.5,1.7,16.6,,
2016-10-17T19:51:12Z,30.112469,31.338365,55.51186768023106,8.0,90.66195,3.5073104,13,gps,0.8,1.9,2.2,16.6,,
2016-10-17T19:51:22Z,30.112503,31.338678,53.562878862710555,8.0,84.18492,0.0,12,gps,1.2,2.1,2.4,16.6,,
2016-10-17T19:51:20Z,30.112606,31.339018,,21.722,,,0,network,,,,,,
2016-10-17T19:51:43Z,30.112881,31.339634,45.49053402816772,6.0,62.41908,6.073852,13,gps,1.3,3.2,3.5,16.6,,
2016-10-17T19:51:54Z,30.113210,31.340375,47.5252836211798,6.0,60.360977,7.172714,13,gps,1.2,2.1,2.4,16.6,,
2016-10-17T19:52:05Z,30.113588,31.341225,49.346215981996245,8.0,61.41122,7.8802257,12,gps,1.2,2.1,2.4,16.6,,
2016-10-17T19:52:05Z,30.113610,31.341207,,21.823,,,0,network,,,,,,
2016-10-17T19:52:27Z,30.114288,31.342766,59.54130876698728,12.0,63.734734,2.0085986,13,gps,1.2,2.1,2.5,16.6,,
2016-10-17T19:52:37Z,30.114393,31.343014,59.14069694125843,24.0,65.93232,3.136281,13,gps,0.9,1.5,1.7,16.6,,
2016-10-17T19:52:48Z,30.114329,31.343394,54.77844768064141,12.0,130.18193,5.932512,14,gps,1.2,2.0,2.3,16.6,,
2016-10-17T19:52:58Z,30.113825,31.343867,52.32783262507369,12.0,143.47725,6.062646,13,gps,1.4,2.0,2.4,16.6,,
2016-10-17T19:53:09Z,30.114016,31.344140,58.738270935753874,8.0,327.33646,5.6299872,12,gps,1.4,1.6,2.1,16.6,,
2016-10-17T19:53:20Z,30.114436,31.343883,56.81758686156679,12.0,326.84604,3.6394188,12,gps,1.2,1.4,1.7,16.6,,
2016-10-17T19:53:31Z,30.114783,31.343800,55.98038988727923,12.0,23.541243,4.0127044,13,gps,1.1,2.3,2.5,16.6,,
2016-10-17T19:53:42Z,30.115194,31.344424,,22.598,,,0,network,,,,,,
2016-10-17T19:53:53Z,30.115651,31.345170,61.8606369838246,8.0,52.47175,10.072773,10,gps,1.3,3.0,3.3,16.6,,
2016-10-17T19:54:04Z,30.116254,31.346097,59.86260613011473,16.0,47.388596,8.123554,11,gps,1.6,5.8,10.6,16.6,,
2016-10-17T19:54:15Z,30.116813,31.346894,51.16248237928974,16.0,50.605923,5.6351833,10,gps,1.6,4.6,11.0,16.6,,
2016-10-17T19:54:26Z,30.117173,31.347379,39.03657834292376,12.0,48.27289,6.3285108,12,gps,1.2,3.0,3.3,16.6,,
2016-10-17T19:54:39Z,30.117349,31.347717,40.15976017048269,16.0,60.96698,0.8299197,12,gps,1.1,2.1,2.3,16.6,,
2016-10-17T19:54:50Z,30.117461,31.347878,41.75262820862645,12.0,41.914276,0.0,12,gps,1.2,3.1,3.3,16.6,,
2016-10-17T19:55:01Z,30.117585,31.348114,42.31595650735469,6.0,49.390327,3.316691,12,gps,1.1,1.6,2.0,16.6,,
2016-10-17T19:55:12Z,30.117944,31.348611,43.28403899160811,8.0,51.158638,7.8324733,12,gps,0.8,2.3,2.6,16.6,,
2016-10-17T19:55:09Z,30.117672,31.348400,,23.837,,,0,network,,,,,,
2016-10-17T19:55:33Z,30.119132,31.350503,72.046214866242,12.0,52.67203,9.77716,12,gps,1.2,1.3,1.7,16.6,,
2016-10-17T19:55:44Z,30.119424,31.350986,65.60413937721003,8.0,67.20352,5.7477837,12,gps,0.8,1.3,1.7,16.6,,
2016-10-17T19:55:44Z,30.119097,31.350991,,22.706,,,0,network,,,,,,
2016-10-17T19:56:05Z,30.119299,31.352914,54.10242746639891,6.0,104.91019,8.474469,14,gps,0.6,1.1,1.5,16.6,,
2016-10-17T19:56:15Z,30.119081,31.353777,47.42045582881922,8.0,105.22464,10.368264,14,gps,1.0,1.2,1.6,16.6,,
2016-10-17T19:56:26Z,30.118881,31.354699,40.994179102263764,8.0,97.98725,4.160367,13,gps,0.8,1.3,1.7,16.6,,
2016-10-17T19:56:36Z,30.118695,31.355263,47.07594431833723,8.0,108.62278,9.029306,12,gps,0.8,1.7,2.1,16.6,,
2016-10-17T19:56:47Z,30.118445,31.356431,43.944037218992406,8.0,104.30418,10.874936,12,gps,1.4,2.3,2.7,16.6,,
2016-10-17T19:56:58Z,30.118325,31.357313,41.86564541158566,12.0,95.29167,4.1820555,13,gps,1.2,1.4,2.0,16.6,,
2016-10-17T19:57:09Z,30.118142,31.356441,,24.332,,,0,network,,,,,,
2016-10-17T19:57:09Z,30.117913,31.358228,,22.818,,,0,network,,,,,,
2016-10-17T19:58:21Z,30.114224,31.366470,41.143135341072295,32.0,139.87099,16.427835,7,gps,3.2,1.7,2.2,16.6,,
2016-10-17T19:58:32Z,30.113218,31.367643,46.35044178537266,12.0,138.74754,13.997835,10,gps,1.4,3.9,4.1,16.6,,
2016-10-17T19:58:43Z,30.112233,31.368570,60.60299945325719,8.0,138.98978,12.497145,10,gps,0.8,3.4,3.7,16.6,,
2016-10-17T19:58:54Z,30.111265,31.369556,72.16887028187043,8.0,138.85706,14.53444,11,gps,1.4,3.5,3.8,16.6,,
2016-10-17T19:59:05Z,30.110246,31.370650,76.25275356022436,8.0,138.06221,11.35899,13,gps,0.8,3.3,3.6,16.6,,
2016-10-17T19:59:16Z,30.109452,31.371356,70.87117692276207,8.0,142.1337,7.7319384,12,gps,1.2,2.5,2.8,16.6,,
2016-10-17T19:59:26Z,30.109136,31.371514,71.27337217679379,12.0,192.60544,0.0,12,gps,1.5,2.7,3.0,16.6,,
2016-10-17T19:59:37Z,30.108790,31.371368,71.3274309429402,12.0,212.64081,3.639373,8,gps,1.4,3.2,3.5,16.6,,
2016-10-17T19:59:48Z,30.108511,31.371211,76.01678158223,12.0,142.34982,2.21519,11,gps,1.2,2.4,2.7,16.6,,
2016-10-17T19:59:59Z,30.108301,31.371597,79.30657415321872,12.0,118.62618,3.8549922,9,gps,1.4,3.3,3.6,16.6,,
2016-10-17T19:59:58Z,30.108178,31.371718,,30.353,,,0,network,,,,,,
2016-10-17T20:00:20Z,30.107952,31.372328,76.43592125793475,8.0,118.11647,5.5817432,9,gps,0.8,1.8,2.5,16.6,,
2016-10-17T20:00:31Z,30.107619,31.372779,76.74405727444318,8.0,133.45586,5.2684317,9,gps,1.7,1.8,2.5,16.6,,
2016-10-17T20:00:42Z,30.107287,31.373164,79.67173933397103,6.0,134.42075,5.2523036,9,gps,1.5,3.4,3.7,16.6,,
2016-10-17T20:00:52Z,30.107038,31.373460,83.07332083592384,8.0,139.44908,1.4150991,9,gps,1.3,1.8,2.2,16.6,,
2016-10-17T20:01:03Z,30.107038,31.373460,83.21297026118239,12.0,139.44908,0.0,10,gps,1.3,1.8,2.2,16.6,,
2016-10-17T20:01:22Z,30.106837,31.373416,,22.855,,,0,network,,,,,,
2016-10-17T20:01:28Z,30.106583,31.373148,,21.739,,,0,network,,,,,,
2016-10-17T20:01:42Z,30.106382,31.372835,,22.442,,,0,network,,,,,,
2016-10-17T20:01:47Z,30.106330,31.372880,,23.753,,,0,network,,,,,,
2016-10-17T20:01:55Z,30.106100,31.372522,,21.437,,,0,network,,,,,,
